10,33
10,142
10,219
10,133
10,269
10,92
10,215
11,18
11,20
11,25
11,4
11,27
11,11
11,17
9,4
9,6
8,4
8,16
8,6
8,15
8,5
8,13
8,18
8,2
8,3
12,2
12,1
12,3
20,2
20,1
20,3
19,2
19,1
19,3
24,1911
24,1910
24,1909
24,1908
24,1907
24,1906
24,1905
24,1904
24,1903
24,1902
24,1901
24,1900
24,1899
24,1898
24,1897
24,1896
24,1895
24,1894
24,1893
24,1892
24,1891
24,1890
24,1889
24,1888
24,1887
24,1886
24,1885
24,1884
24,1883
24,1882
24,1881
24,1880
24,1879
24,1878
24,1877
24,1876
24,1875
24,1874
24,1873
24,1872
24,1871
24,1870
24,1869
24,1868
24,1867
24,1866
24,1865
24,1864
24,1863
24,1862
24,1861
24,1860
24,1859
24,1858
24,1857
24,1856
24,1791
24,1790
24,1789
24,1788
24,1787
24,1786
24,1785
24,1784
24,1783
24,1782
24,1781
24,1780
24,1779
24,1778
24,1777
24,1776
24,1775
24,1774
24,1773
24,1772
24,1771
24,1770
24,1769
24,1768
24,1767
24,1766
